Inicio: 10:43:48.904839
Fim: 10:53:24.837839‬