Inicio: 10:57:44.165208
Fim: 11:06:58.992994