Inicio: 11:27:08.570214 
Fim: 11:36:43.641214