Inicio: 12:14:37.872723
Termino: 12:24:05.014367