Acelerado: 11:05:47.942561 | 11:15:22.809561
Cachorro: 10:27:05.123607 | 10:41:41.372607