Inicio: 11:29:04.442525
Fim: 11:37:38.271140